Label,Expected,TP,FP,FN,Recall,Precision,F-measure
cad.mention.before_dct,166,164,42,2,0.9879518072289156,0.7961165048543689,0.8817204301075269
cad.mention.during_dct,171,164,42,7,0.9590643274853801,0.7961165048543689,0.870026525198939
cad.mention.after_dct,166,164,42,2,0.9879518072289156,0.7961165048543689,0.8817204301075269
cad.event.before_dct,126,103,55,23,0.8174603174603174,0.6518987341772152,0.7253521126760563
cad.event.during_dct,9,0,0,9,0.0,0,0
cad.event.after_dct,1,0,0,1,0.0,0,0
cad.test.before_dct,52,51,210,1,0.9807692307692307,0.19540229885057472,0.3258785942492013
cad.test.during_dct,6,0,0,6,0.0,0,0
cad.test.after_dct,0,0,0,0,0,0,0
cad.symptom.before_dct,38,9,16,29,0.23684210526315788,0.36,0.2857142857142857
cad.symptom.during_dct,25,0,0,25,0.0,0,0
cad.symptom.after_dct,3,0,0,3,0.0,0,0
diabetes.mention.before_dct,350,346,35,4,0.9885714285714285,0.9081364829396326,0.9466484268125855
diabetes.mention.during_dct,352,346,35,6,0.9829545454545454,0.9081364829396326,0.9440654843110505
diabetes.mention.after_dct,350,346,35,4,0.9885714285714285,0.9081364829396326,0.9466484268125855
diabetes.a1c.before_dct,61,40,29,21,0.6557377049180327,0.5797101449275363,0.6153846153846154
diabetes.a1c.during_dct,7,1,2,6,0.14285714285714285,0.3333333333333333,0.2
diabetes.a1c.after_dct,0,0,0,0,0,0,0
diabetes.glucose.before_dct,14,0,0,14,0.0,0,0
diabetes.glucose.during_dct,7,0,0,7,0.0,0,0
diabetes.glucose.after_dct,0,0,0,0,0,0,0
obese.mention.before_dct,78,77,16,1,0.9871794871794872,0.8279569892473119,0.9005847953216375
obese.mention.during_dct,86,78,19,8,0.9069767441860465,0.8041237113402062,0.8524590163934426
obese.mention.after_dct,78,77,16,1,0.9871794871794872,0.8279569892473119,0.9005847953216375
obese.bmi.before_dct,1,0,0,1,0.0,0,0
obese.bmi.during_dct,10,1,5,9,0.1,0.16666666666666666,0.125
obese.bmi.after_dct,1,0,0,1,0.0,0,0
hyperlipidemia.mention.before_dct,230,217,15,13,0.9434782608695652,0.9353448275862069,0.9393939393939393
hyperlipidemia.mention.during_dct,230,217,15,13,0.9434782608695652,0.9353448275862069,0.9393939393939393
hyperlipidemia.mention.after_dct,230,217,15,13,0.9434782608695652,0.9353448275862069,0.9393939393939393
hyperlipidemia.high_ldl.before_dct,15,4,2,11,0.26666666666666666,0.6666666666666666,0.3809523809523809
hyperlipidemia.high_ldl.during_dct,1,0,0,1,0.0,0,0
hyperlipidemia.high_ldl.after_dct,0,0,0,0,0,0,0
hyperlipidemia.high_chol..before_dct,6,0,0,6,0.0,0,0
hyperlipidemia.high_chol..during_dct,2,0,0,2,0.0,0,0
hyperlipidemia.high_chol..after_dct,0,0,0,0,0,0,0
hypertension.mention.before_dct,363,353,17,10,0.9724517906336089,0.9540540540540541,0.9631650750341064
hypertension.mention.during_dct,365,353,17,12,0.9671232876712329,0.9540540540540541,0.960544217687075
hypertension.mention.after_dct,362,353,17,9,0.9751381215469613,0.9540540540540541,0.9644808743169399
hypertension.high_bp.before_dct,18,1,10,17,0.05555555555555555,0.09090909090909091,0.06896551724137931
hypertension.high_bp.during_dct,174,101,82,73,0.5804597701149425,0.5519125683060109,0.5658263305322129
hypertension.high_bp.after_dct,0,0,0,0,0,0,0
medication.ace_inhibitor.before_dct,205,175,27,30,0.8536585365853658,0.8663366336633663,0.85995085995086
medication.ace_inhibitor.during_dct,194,175,27,19,0.9020618556701031,0.8663366336633663,0.8838383838383839
medication.ace_inhibitor.after_dct,199,175,27,24,0.8793969849246231,0.8663366336633663,0.8728179551122195
medication.anti_diabetes.before_dct,0,0,0,0,0,0,0
medication.anti_diabetes.during_dct,0,0,0,0,0,0,0
medication.anti_diabetes.after_dct,0,0,0,0,0,0,0
medication.arb.before_dct,65,45,6,20,0.6923076923076923,0.8823529411764706,0.7758620689655172
medication.arb.during_dct,62,45,6,17,0.7258064516129032,0.8823529411764706,0.7964601769911503
medication.arb.after_dct,61,45,6,16,0.7377049180327869,0.8823529411764706,0.8035714285714285
medication.aspirin.before_dct,261,249,34,12,0.9540229885057471,0.8798586572438163,0.9154411764705882
medication.aspirin.during_dct,269,249,34,20,0.9256505576208178,0.8798586572438163,0.9021739130434783
medication.aspirin.after_dct,259,249,34,10,0.9613899613899614,0.8798586572438163,0.9188191881918819
medication.beta_blocker.before_dct,275,259,43,16,0.9418181818181818,0.8576158940397351,0.8977469670710572
medication.beta_blocker.during_dct,280,259,43,21,0.925,0.8576158940397351,0.8900343642611683
medication.beta_blocker.after_dct,277,259,43,18,0.9350180505415162,0.8576158940397351,0.8946459412780656
medication.calcium_channel_blocker.before_dct,127,115,18,12,0.905511811023622,0.8646616541353384,0.8846153846153845
medication.calcium_channel_blocker.during_dct,121,115,18,6,0.9504132231404959,0.8646616541353384,0.9055118110236221
medication.calcium_channel_blocker.after_dct,127,115,18,12,0.905511811023622,0.8646616541353384,0.8846153846153845
medication.diuretic.before_dct,78,62,23,16,0.7948717948717948,0.7294117647058823,0.7607361963190183
medication.diuretic.during_dct,69,62,23,7,0.8985507246376812,0.7294117647058823,0.8051948051948051
medication.diuretic.after_dct,71,62,23,9,0.8732394366197183,0.7294117647058823,0.7948717948717949
medication.dpp4_inhibitors.before_dct,0,0,0,0,0,0,0
medication.dpp4_inhibitors.during_dct,0,0,0,0,0,0,0
medication.dpp4_inhibitors.after_dct,0,0,0,0,0,0,0
medication.ezetimibe.before_dct,11,0,0,11,0.0,0,0
medication.ezetimibe.during_dct,11,0,0,11,0.0,0,0
medication.ezetimibe.after_dct,11,0,0,11,0.0,0,0
medication.fibrate.before_dct,31,7,1,24,0.22580645161290322,0.875,0.358974358974359
medication.fibrate.during_dct,29,7,1,22,0.2413793103448276,0.875,0.3783783783783784
medication.fibrate.after_dct,30,7,1,23,0.23333333333333334,0.875,0.3684210526315789
medication.insulin.before_dct,131,123,64,8,0.9389312977099237,0.6577540106951871,0.7735849056603774
medication.insulin.during_dct,130,123,64,7,0.9461538461538461,0.6577540106951871,0.7760252365930599
medication.insulin.after_dct,131,123,64,8,0.9389312977099237,0.6577540106951871,0.7735849056603774
medication.metformin.before_dct,124,111,26,13,0.8951612903225806,0.8102189781021898,0.8505747126436782
medication.metformin.during_dct,113,111,26,2,0.9823008849557522,0.8102189781021898,0.8879999999999999
medication.metformin.after_dct,118,111,26,7,0.940677966101695,0.8102189781021898,0.8705882352941176
medication.niacin.before_dct,9,0,0,9,0.0,0,0
medication.niacin.during_dct,7,0,0,7,0.0,0,0
medication.niacin.after_dct,9,0,0,9,0.0,0,0
medication.nitrate.before_dct,88,69,26,19,0.7840909090909091,0.7263157894736842,0.7540983606557377
medication.nitrate.during_dct,90,69,30,21,0.7666666666666667,0.696969696969697,0.7301587301587302
medication.nitrate.after_dct,82,69,26,13,0.8414634146341463,0.7263157894736842,0.7796610169491526
medication.statin.before_dct,267,249,34,18,0.9325842696629213,0.8798586572438163,0.9054545454545455
medication.statin.during_dct,259,249,34,10,0.9613899613899614,0.8798586572438163,0.9188191881918819
medication.statin.after_dct,269,249,34,20,0.9256505576208178,0.8798586572438163,0.9021739130434783
medication.sulfonylureas.before_dct,98,88,8,10,0.8979591836734694,0.9166666666666666,0.9072164948453607
medication.sulfonylureas.during_dct,94,88,8,6,0.9361702127659575,0.9166666666666666,0.9263157894736843
medication.sulfonylureas.after_dct,96,88,8,8,0.9166666666666666,0.9166666666666666,0.9166666666666666
medication.thiazolidinedione.before_dct,22,14,5,8,0.6363636363636364,0.7368421052631579,0.6829268292682926
medication.thiazolidinedione.during_dct,19,14,5,5,0.7368421052631579,0.7368421052631579,0.7368421052631579
medication.thiazolidinedione.after_dct,19,14,5,5,0.7368421052631579,0.7368421052631579,0.7368421052631579
medication.thienopyridine.before_dct,96,86,16,10,0.8958333333333334,0.8431372549019608,0.8686868686868686
medication.thienopyridine.during_dct,90,86,16,4,0.9555555555555556,0.8431372549019608,0.8958333333333333
medication.thienopyridine.after_dct,92,86,16,6,0.9347826086956522,0.8431372549019608,0.8865979381443299
smoker.current,33,18,33,15,0.5454545454545454,0.35294117647058826,0.42857142857142855
smoker.ever,3,0,0,3,0.0,0,0
smoker.never,115,92,11,23,0.8,0.8932038834951457,0.8440366972477065
smoker.past,112,86,32,26,0.7678571428571429,0.7288135593220338,0.7478260869565218
smoker.unknown,251,175,67,76,0.6972111553784861,0.7231404958677686,0.7099391480730223
family_hist.present,17,5,13,12,0.29411764705882354,0.2777777777777778,0.28571428571428575
family_hist.not_present,497,484,12,13,0.9738430583501007,0.9758064516129032,0.9748237663645519
